Some((
    red: 0.078347504,
    green: 0.078347504,
    blue: 0.078347504,
    alpha: 1.0,
))